TimeStamp,Low,High,Open,Close,Volume
1644840000,41971.02,42876.15,42129.04,42595.92,5139.15467119
1644818400,41743.87,42438.07,41789.15,42129.03,2502.47031469
1644796800,41570,42247.7,42073.37,41789.15,2757.63621072
1644775200,41885.61,42524.66,42285.27,42074.99,2294.8437538
1644753600,42105.26,42781.96,42497.08,42287.04,1877.55540327
1644732000,42235.73,42674.96,42293.1,42497.09,829.67109358
1644710400,42072.36,42526.47,42244.91,42293.1,1206.87068588
1644688800,41750,43050,42753.15,42244.97,2729.66368693
1644667200,41807,42849.08,42428.54,42753.14,2416.66503374
1644645600,41765,42468.57,42296.23,42430.19,1724.53956127
1644624000,42170.66,42500,42386.47,42296.23,1793.55128506
1644602400,42000,43547.07,43448.04,42386.47,7486.25623203
1644580800,43284.95,43962.13,43385.49,43450.95,5227.97422406
1644559200,42820,43640.32,42865.91,43385.51,2182.16546698
1644537600,42617.7,43783.7,43521.88,42865.91,4471.01927683
1644516000,43365.64,45447.06,45356.54,43527.71,5853.45967375
1644494400,43210,45855,44871.79,45361.07,9691.36679041
1644472800,43793.11,45200,43917.95,44871.79,2134.90452487
1644451200,43611,44449.98,44416.39,43917.95,2344.79227959
1644429600,43926.8,44865.46,44105.96,44416.35,3339.83306878
1644408000,43629.65,44484.93,43750.02,44105.96,4048.3698225
1644386400,43215.67,43970.99,43619.48,43754.48,2396.49530554
1644364800,43155.5,44371.63,44087.58,43622.68,3001.11351108
1644343200,42736.23,44446.15,42992.42,44085.59,5287.3739922
1644321600,42688,44026.04,44026.03,42987.18,6899.96842464
1644300000,43561.03,45519.24,44915.07,44026.04,4614.27658865
1644278400,43575,45035,43868.08,44917.21,3586.02664634
1644256800,43750,44533,44237.91,43868.07,5523.56583138
1644235200,42510,44345.18,42750.02,44244.76,6929.01447972
1644213600,42258.61,42871.39,42835.26,42750,1615.47430887
1644192000,41678.79,43036.87,42416.06,42833.81,5972.44398445
1644170400,41421,42719.93,41677.93,42415.16,2527.23615193
1644148800,41135.39,42208,41536.85,41676.34,2109.06825858
1644127200,41422.79,41749.94,41610.65,41538.6,742.15705393
1644105600,41333.34,41668.78,41411.59,41610.64,1069.42342449
1644084000,41364.68,41797.7,41615.78,41404.85,1760.35670081
1644062400,40955.4,41934.38,41467.08,41623.08,3470.94358882
1644040800,41250,41777.84,41559.01,41467.6,1824.086532
1644019200,41200,41970,41613.75,41557.95,4131.81436632
1643997600,40291.37,41788.81,40550.01,41614.64,6297.07341518
1643976000,37318,40600,37824.54,40548.23,11592.07909777
1643954400,37568.9,38261.41,37568.9,37824.53,2526.54878118
1643932800,37051.36,37716.88,37324.61,37568.9,2121.85696927
1643911200,36264.36,37450.75,36845.62,37329.91,4056.24716724
1643889600,36259.01,37133.98,36800.9,36845.62,4726.68067964
1643868000,36296.92,37131.19,37019.85,36799.53,2061.09789379
1643846400,36750,37100.81,36923.39,37019.84,2439.2605061
1643824800,36584.29,37690.53,37495.17,36923.39,4748.46331814
1643803200,37077.35,38788.99,38518.47,37495.17,5543.16864771
1643781600,38212.01,38621.6,38427.29,38517.36,1204.97951673
1643760000,38321.25,38888.88,38714.27,38428.49,2290.97570453
1643738400,38355.85,38919.51,38885.1,38716.88,3490.81690272
1643716800,38188.41,39300,38462.12,38889.08,6747.35455942
1643695200,38021.53,39104.77,38475.51,38462.12,3343.16773229
1643673600,38188.88,38707.73,38492.53,38475.51,2798.59222049
1643652000,38251.14,38785.04,38507.5,38491.93,5869.70758514
1643630400,36810.01,38640.22,37285.97,38507.45,7804.90645566
1643608800,36878.5,37369.08,37025.35,37285.96,1855.54389369
1643587200,36640.94,37960.18,37904.99,37026.45,4124.82693719
1643565600,37365.31,38261.68,38009.58,37901.35,4006.42564933
1643544000,37744.94,38169.18,38137.48,38008.74,2166.71842407
1643522400,37837.33,38384.07,38148.43,38137.48,1933.16873745
1643500800,37767.54,38320,38189.82,38148.43,2526.22310172
1643479200,37574.43,38748.43,37673.94,38191.1,4039.08849047
1643457600,37300,38226.62,37766.07,37673.94,4304.16619489
1643436000,37595.06,37950,37680.9,37766.06,1865.23118643
1643414400,37474.65,38011.81,37741.9,37680.9,2894.70489264
1643392800,36772.98,38023.74,36855.34,37741.9,5573.54242515
1643371200,36162.48,37390.99,36459.68,36855.34,7453.08672249
1643349600,36326,37518.29,37232.39,36459.68,4317.42064752
1643328000,36649.94,37500,37188.37,37232.39,5372.1151528
1643306400,35526.36,37249,36276.58,37188.37,8609.36415554
1643284800,36164.93,37240.99,36706.5,36280.18,5340.02831426
1643263200,35848.46,36828.49,35997.94,36705.8,3065.31965037
1643241600,35530.07,37107.45,36846.22,35997.94,6586.74997523
1643220000,36254.97,38960,38080.36,36840.63,12732.79424061
1643198400,37627.17,38536.02,38110.57,38080.36,7350.17050656
1643176800,37161.73,38266.35,37632.92,38111.88,3618.60132666
1643155200,36576.7,38000,36980,37633.83,3702.42517953
1643133600,36430.97,37579.81,37298.76,36980,6336.66656579
1643112000,35996.56,37506,36441.47,37307.97,8047.20765708
1643090400,35716.15,36811,36062.07,36437.07,3220.42921099
1643068800,35750,36714.71,36687.58,36062.44,3993.21857973
1643047200,35206.49,37574.63,35395.21,36693.32,10142.20531112
1643025600,32933.33,35636.4,33702.97,35397.49,17064.6011566
1643004000,33027,35579.95,35194.61,33702.98,7468.56308172
1642982400,34952.45,36283.1,36275.28,35194.75,4100.92065964
1642960800,34625,36555.55,35351.65,36282.47,5900.54417367
1642939200,35054.49,36089.31,35704.75,35351.66,4093.28565713
1642917600,35150.48,36167.68,35469.61,35704.75,3194.34706933
1642896000,34810,35570.84,35075.7,35469.61,4252.0505044
1642874400,34250,35750,34606.42,35066.43,7131.00501818
1642852800,34495.72,36192.56,35412.53,34614.17,8417.75084136
1642831200,34017.56,36170,35743.67,35401.82,8119.13924424
1642809600,35600,36835.93,36456.67,35740.33,6376.22975987
1642788000,35422,38634.61,38377.07,36456.94,17879.40483094
1642766400,37704.42,39061.6,38905.61,38377.08,13821.36638165
1642744800,38553.73,39300,38926.57,38902.03,4580.4728734
1642723200,38242.24,41127.79,40671.77,38926.58,14461.65207527
1642701600,40555,43222,43033.84,40670.97,9427.79251474
1642680000,41931.61,43511.99,42141.8,43030.14,5178.86443733
1642658400,41816.48,42242.65,41900.53,42141.8,1215.96932635
1642636800,41660.01,42091.77,41672.14,41900.53,2038.19691086
1642615200,41557.57,42271.41,42180.37,41674.27,3630.27075381
1642593600,41694.87,42586.03,42051.01,42183.46,5980.61973173
1642572000,41126,42175.97,41788.88,42051,3232.84421803
1642550400,41585.41,42528.76,42372.15,41788.7,2798.68257185
1642528800,41391.94,42692.71,41501.67,42369.74,4222.10053884
1642507200,41287.79,41969.12,41872.26,41501.67,5093.63039287
1642485600,41456.47,42359.69,42122.54,41875.54,2513.92310372
1642464000,41917.33,42456.41,42214.66,42125.75,1828.84962156
1642442400,41567.64,42400.02,42132.58,42218.01,3455.9259313
1642420800,42000,42804.98,42690.1,42128.3,2994.65950242
1642399200,42582.65,42987.73,42673.47,42686.8,1842.13814002
1642377600,42353,43200,43104.34,42670.02,2671.1283366
1642356000,42775.76,43295,43100.66,43104.34,1918.57808672
1642334400,42600,43497.24,42999.29,43100.66,2275.35034636
1642312800,42802,43325,42993.12,43000.11,1104.50110564
1642291200,42862.32,43175.95,43098.2,42991.02,1183.22848398
1642269600,43087.21,43819.39,43404.71,43098.2,2153.87211746
1642248000,42577.35,43574.96,43036.88,43410.31,1938.94818312
1642226400,42895.55,43300,43003.48,43042.8,752.17057788
1642204800,42741.44,43198.44,43090.72,43003.49,1473.39462347
1642183200,42787.5,43473.98,42925.41,43090.72,2641.74991145
1642161600,41752,43350,42027.95,42926.1,5259.33363258
1642140000,41842.87,42987.2,42921.2,42027.95,2801.2787379
1642118400,42391.78,42932.38,42576.27,42921.21,2843.38858266
1642096800,42325,42982.18,42826.49,42581.65,4134.15313973
1642075200,42555.03,44453.22,43621.42,42826.5,6979.7193191
1642053600,43530,44043.69,43691.15,43618.57,1493.19624695
1642032000,43441.01,44071.87,43921.21,43688.34,2165.02607993
1642010400,43550.12,44342.83,43864.86,43920.37,4186.64977546
1641988800,42892.57,44147.63,42955.25,43864.86,7641.98855911
1641967200,42481.81,43448.86,42729.08,42949.3,2307.57520554
1641945600,42459.21,42984.77,42749.84,42724.16,2114.00115703
1641924000,42383.28,43130,42567.11,42753.44,4397.05087441
1641902400,41274.8,43127.87,41827.68,42567.11,8171.84145523
1641880800,41591.6,42620,42120.64,41829.71,3486.80085855
1641859200,41559.18,42397.02,41824.06,42120.64,3641.77294436
1641837600,41129.85,41992.58,41206.1,41824.07,5138.21492753
1641816000,39650,42122.42,41557.35,41206.18,14949.52915257
1641794400,41435.77,42161.38,42032.18,41554.45,2373.24573841
1641772800,41600,42250,41876.52,42030.31,2771.36757732
1641751200,41775,42831.12,42104.91,41876.52,4274.34883649
1641729600,41209.53,42221.15,41865.63,42104.91,2818.90690941
1641708000,41407.4,41986.25,41769.53,41867.68,1406.65435121
1641686400,41387.44,42190.15,41684.84,41770.5,2574.31488456
1641664800,40505.3,42318.97,40842.35,41684.84,7254.51041782
1641643200,40789.36,42059.31,41947.31,40840.9,4034.51313567
1641621600,41737.65,42200,41976.07,41947.32,1721.52290689
1641600000,41552.2,42237.12,41564.57,41977.37,2443.56669093
1641578400,41333,42049.43,41992.31,41565.18,4292.50284893
1641556800,40571.53,42736.37,42241.74,41992.31,8973.28109853
1641535200,41200,42815,41834.97,42241.74,4277.97223732
1641513600,41000,43144.72,43081.79,41834.3,8578.44372195
1641492000,42980.15,43594.12,43007.1,43083.76,5164.28870738
1641470400,42619.2,43230,42858.37,43011.02,6044.95640154
1641448800,42432.99,43264.4,43048.04,42860.16,3796.59227401
1641427200,42584.15,43794.5,43446.34,43047.28,5774.21046696
1641405600,42500,46277.92,46007.5,43436.04,15868.1264123
1641384000,45900,46830,46271.61,46007.5,4381.23564426
1641362400,46111.33,47076.55,46304.01,46274.88,2085.87280395
1641340800,45711.74,46547.91,45817.13,46304.01,2732.43990714
1641319200,45515,46720,46542.67,45814.61,5893.81841442
1641297600,46412.88,47532.89,46732.31,46540.06,5340.16290437
1641276000,46068.52,46775.01,46153.68,46735.35,2818.05800636
1641254400,45950,46534.32,46459.57,46157.15,2268.28780351
1641232800,45700,46745.98,46584.86,46459.56,4194.1656509
1641211200,46276.68,47583.33,47387.05,46584.86,3669.17792059
1641189600,46783.87,47436.63,47090.32,47385.28,984.34361385
1641168000,46723.82,47300,47299.06,47090.32,1994.12301919
1641146400,46633.36,47479.54,47418.23,47299.07,2277.61327698
1641124800,47023.96,47990,47246.49,47418.22,1671.11908547
1641103200,46985.03,47494.84,47095.58,47245.99,958.51231936
1641081600,46767.94,47770.37,47733.43,47093.4,1926.25377367
1641060000,47245.84,47850,47769.78,47733.43,1993.68707706
1641038400,46754.97,47967.12,46754.97,47769.78,2245.40537727
1641016800,46205,47347.54,47188,46758.11,1790.49562328
1640995200,46205,47548.53,46211.24,47188,3434.07363349
1640973600,45650,47017.89,47007.35,46211.24,7678.81893015
1640952000,46869.51,48140,47981.13,47006.7,4697.58424903
1640930400,46816.69,48574.7,47285.73,47976.21,3557.90182634
1640908800,46812.56,47456.29,47122.09,47285.73,3075.93633957
1640887200,46725,47926.15,47675.84,47122.08,7819.30812506
1640865600,47095.91,47789.61,47535.89,47674.63,8327.5542623
1640844000,46691.37,47575.43,46764.56,47539.59,3270.11168548
1640822400,45938.44,46950.73,46471.24,46765.3,7996.67957692
1640800800,46094.02,47786.19,47572.76,46471.24,8319.28477861
1640779200,46596.52,48066.85,47736.44,47572.76,5476.16081939
1640757600,47417.41,48080.69,47904.86,47736.44,2059.42340306
1640736000,47435.55,48149.58,47542.2,47909.37,4471.45242266
1640714400,47300.23,48048.16,48028.08,47543.09,6909.32076762
1640692800,47670,49385.37,49218.13,48028.12,6752.36670658
1640671200,48806.36,49467.89,49217.17,49218.13,2285.55423432
1640649600,48700,50720.35,50720.35,49221.75,7169.51412855
1640628000,50645.73,51977.32,51885.52,50717.77,4587.23370749
1640606400,50607,52100,50792.46,51886.65,3665.53911326
1640584800,50526.94,51005.55,50882.34,50787.86,1484.3029874
1640563200,50480,51150,50804.33,50882.33,1859.83887376
1640541600,49955,51295.33,50284.73,50801.79,2120.92460248
1640520000,49685.98,50409.32,49781.98,50283.17,1426.39674593
1640498400,49460,50187.12,49896.02,49781.99,1199.94545389
1640476800,49650,50700,50428.31,49896.02,2116.12793551
1640455200,50374.22,51170.56,50809.52,50428.31,1994.47107754
1640433600,50191.84,50971.96,50714.25,50809.53,1553.82639467
1640412000,50581.37,51115.43,50912.37,50714.26,751.27348431
1640390400,50637.69,51171.68,50852.31,50912.36,1251.00057533
1640368800,50525,51878.6,51160.2,50851.38,3621.9113063
1640347200,50445.55,51275.67,51022.73,51160.21,2997.50093607
1640325600,50764.18,51500,51029,51022.73,1926.85722474
1640304000,50661.11,51527.62,50842.06,51029,3144.18471468
1640282400,50066.34,51397.82,50066.35,50842.2,7664.0023968
1640260800,48348.75,50189.28,48382.46,50066.34,4691.36599542
1640239200,48050.05,48567.74,48395.6,48382.45,1440.13661654
1640217600,48032.16,48748.03,48608.61,48396.21,2831.54127078
1640196000,48507.16,49164.29,48716.49,48608.62,2992.88983462
1640174400,48450,49287.21,49007.92,48716.48,3163.74603442
1640152800,48852.38,49555,48998.06,49002,1820.97180003
1640131200,48615.49,49595,48914.7,48993.53,2775.89139863
1640109600,48350.29,49317.84,48660.98,48914.7,3294.40871855
1640088000,48300,49339.31,48886.6,48654.72,5470.702044
1640066400,48353.2,49010,48617.78,48886.6,2069.65922646
1640044800,46645.05,48848.88,46926.07,48618.68,4626.64058409
1640023200,46032.47,47548.93,46126.49,46926.07,4854.72605236
1640001600,45568,46517.77,46104.32,46126.49,4855.28365479
1639980000,45780,46681.02,46434.08,46111.64,3074.01722656
1639958400,46233.26,47217.25,46687.2,46434.08,3255.35817036
1639936800,46500,47583.25,47156.18,46687.19,2688.70610602
1639915200,46893.37,48351.92,47173.03,47156.18,2544.5273192
1639893600,46818.23,47750.55,47624.94,47171.57,1448.39296853
1639872000,46440.11,48093.46,46857.49,47624.94,2837.08073445
1639850400,46351.98,47129.66,46690,46859.46,1981.96698289
1639828800,46574.93,47249.9,47092.45,46690,1783.50904303
1639807200,46219.79,47368.73,46618.74,47089.65,1436.92785499
1639785600,45515.72,46883.55,46159.87,46618.74,2968.44915138
1639764000,45574.15,47110,46773.46,46166.5,4992.45138188
1639742400,45469.32,47461.5,47124.91,46773.46,7550.84971128
1639720800,46734.49,47744.91,47721.9,47124.91,2803.39874092
1639699200,47413.31,48000,47634.2,47722.79,3209.37916599
1639677600,47524.66,48410,48079.19,47634.22,4158.39561981
1639656000,48059.14,49256.53,49231.85,48079.19,4628.03517952
1639634400,48529.63,49459.39,48529.63,49244.02,1789.29522659
1639612800,48524.84,49280.75,48878.83,48528.12,2155.51079153
1639591200,47032.36,49500,47101.37,48884.78,11305.82517962
1639569600,46530,48317.97,48148,47101.37,6114.93891354
1639548000,47950,48775.74,48125.63,48148,1604.05661621
1639526400,47847.34,48795,48359.23,48125.62,2596.88912804
1639504800,46459.5,48686.91,46631.14,48367.43,6026.49307983
1639483200,46558.74,47984.49,47629.75,46634.52,5446.06228679
1639461600,46344.93,47763.55,46709.76,47628.67,2554.2833655
1639440000,46300,47243.18,46727.89,46709.76,3080.19555578
1639418400,45727.92,47690,47524.65,46727.89,8600.4132232
1639396800,46640,49034.29,48880.38,47519.48,7738.36560642
1639375200,48200,49335.46,49272.45,48884.3,1628.07541012
1639353600,48464.66,50218.42,50089.64,49277.32,2830.43410655
1639332000,49902.78,50828.13,50274.37,50089.64,3414.06485188
1639310400,49136.66,50492.47,49163.68,50283.71,3734.84546052
1639288800,48665.43,49405.4,49011.32,49159.96,1304.77961613
1639267200,48854.8,49721.59,49424.47,49011.32,1957.39187453
1639245600,48400,49517.18,48719.89,49407.75,2981.25135065
1639224000,48189.16,49306.83,48269.83,48724.64,2010.18478738
1639202400,47809.12,48911.92,48342.94,48262.73,1864.27854732
1639180800,46786.78,48700,47170.94,48349.6,4189.50905584
1639159200,46900,48546,47741.31,47170.94,4825.6510169
1639137600,47185.11,50148.49,48735.69,47738.1,6009.77501193
1639116000,47568.06,48748.78,48265.25,48738.34,2292.59348619
1639094400,47455,48805.21,47568.43,48264.63,2561.55470318
1639072800,47323.23,48465.16,48208.72,47568.43,5822.26190657
1639051200,48100,49667.02,49193.5,48210.68,4630.69053296
1639029600,48935.76,50389.67,49811.8,49195.58,2607.44243166
1639008000,49482.09,50844.86,50520.94,49811.8,2689.02946811
1638986400,50098.14,50915,50317.25,50519.68,3562.15104861
1638964800,48650.02,51250,49236,50320.25,4881.53150277
1638943200,48888.88,50748.15,50453.04,49229.55,2619.45756501
1638921600,50109.38,50850.8,50625.24,50459.64,2075.8517166
1638900000,50067.1,51237.89,51057.39,50625.48,3675.69229998
1638878400,50615.69,51995,51525.59,51055.32,4591.85243537
1638856800,50883.34,51591.76,50941.5,51525.6,2494.71035997
1638835200,50426.33,51500,50529.56,50943.63,3345.077071
1638813600,48823.63,51105,49010.93,50529.56,6081.29790587
1638792000,47846.01,49329,48627.56,49010.93,6454.19178036
1638770400,47200,49488.88,48758.4,48641.73,5285.3281292
1638748800,48351.56,49519.33,49484.21,48750,5261.48684081
1638727200,48374.24,49597,49351.61,49484.22,6597.02211102
1638705600,47827,49783,49372.16,49351.61,7432.79787244
1638684000,48817.15,49782,49519.72,49370.94,4172.94493332
1638662400,48385.01,49782.44,49235.26,49519.73,3524.37329515
1638640800,48238.66,49595,48321.62,49241.12,5840.8480002
1638619200,46573.77,49200,46588.66,48321.62,10163.95463229
1638597600,46200,48892.32,47844.68,46588.66,8763.57586428
1638576000,42333,53876.09,53633.02,47846.62,14254.95128849
1638554400,51640,55178.19,55004.34,53638.04,9587.59708199
1638532800,54615,57670.68,57033.85,55004.35,6732.42712154
1638511200,56454.27,57373.11,56780.41,57033.74,1259.62431277
1638489600,56111,57073.9,56521.45,56780.42,1987.98262203
1638468000,56158.82,57289,56613.75,56521.46,3050.42747278
1638446400,56055.19,57414.93,56354.75,56610.74,3929.45244057
1638424800,56129.77,57228.28,56960.29,56351.04,2500.55879353
1638403200,55845,57423.69,57226.51,56963.08,3488.7808196
1638381600,56465.75,58148.15,58037.52,57226.5,5387.67783488
